x<-1+1

x<-2+2
x<-2+3
x<-222
add<-10
